16
12
14
8
2
16
12
14
2
16
14
2
16
14
2
16
14
2
2
1
2
2
2
6
1
3
2
1
5
6
6
6
2
7
1
5
6
6
6
2
6
1
5
6
6
6
2
6
1
5
6
6
6
2
6
1
5
6
6
6
2
6
1
5
6
6
6
2
6
2
1
5
6
6
2
6
1
5
6
6
2
6
1
5
6
6
2
6
1
5
6
6
2
6
1
5
6
6
2
6
1
5
6
6
2
6
1
5
6
6
2
6
1
5
6
6
2
6
1
5
6
6
2
6
1
5
6
6
2
6
1
5
6
6
2
6
1
5
6
6
2
6
1
5
6
6
2
6
1
5
6
6
2
6
1
5
6
6
2
6
1
5
6
6
2
6
1
5
6
6
2
6
1
5
6
6
2
6
1
5
6
6
2
6
1
5
6
6
2
6
1
5
6
6
2
6
1
5
6
6
2
6
1
5
6
6
2
6
1
5
6
6
2
6
1
5
6
6
2
6
1
5
6
6
2
6
5
5
5
5
5
5
5
5
5
5
5
5
5
5
5
5
5
5
5
5
1
2
6
5
5
5
5
5
5
5
5
5
1
1
5
6
2
6
1
5
6
2
6
1
5
6
2
6
1
5
6
2
6
1
5
6
2
6
1
5
6
2
6
1
5
6
2
6
1
5
6
2
6
1
5
6
2
6
1
5
6
2
6
